# generated by TASMIP Spectra Calculator
# http://solutioinsilico.com/medical-physics/applications/tasmip-app.php?ans=0
# 140 kVp
# 11.3mm Aluminum filter
# effective energy =  69.28039327233583

# Energy (keV)    intensity

0   0
1   0
2   0
3   0
4   0
5   0
6   0
7   0
8   0
9   0
10  1.34706E-40
11  2.93421E-31
12  9.25133E-25
13  3.35341E-20
14  8.17893E-17
15  4.21137E-14
16  4.63541E-12
17  2.33909E-10
18  4.89506E-9
19  5.15752E-8
20  3.57628E-7
21  1.61665E-6
22  5.79707E-6
23  1.77887E-5
24  4.64807E-5
25  0.00010344
26  0.000206088
27  0.000370062
28  0.000618897
29  0.000963613
30  0.00142941
31  0.0019255
32  0.0025261
33  0.00319064
34  0.00394748
35  0.00475517
36  0.00562566
37  0.00649985
38  0.00741134
39  0.00832718
40  0.00926133
41  0.0099572
42  0.01065
43  0.0113122
44  0.0119644
45  0.0126266
46  0.0132565
47  0.0137839
48  0.0142806
49  0.0147233
50  0.0151266
51  0.0153355
52  0.015512
53  0.0156918
54  0.0158401
55  0.0159944
56  0.0161191
57  0.0241944
58  0.0326648
59  0.0403388
60  0.0483014
61  0.0339332
62  0.0190332
63  0.0172041
64  0.0152966
65  0.0150269
66  0.0147108
67  0.0205511
68  0.0265401
69  0.0220981
70  0.0174566
71  0.0142076
72  0.0108614
73  0.0105543
74  0.0102097
75  0.010244
76  0.0103051
77  0.0101658
78  0.00999084
79  0.00987163
80  0.00964126
81  0.00965707
82  0.00954591
83  0.00909511
84  0.00869509
85  0.00853819
86  0.0083807
87  0.0082428
88  0.00810117
89  0.00789674
90  0.00768873
91  0.00762281
92  0.00755945
93  0.00740733
94  0.00726755
95  0.00707513
96  0.00687944
97  0.00662858
98  0.00637226
99  0.00632464
100 0.00627501
101 0.0059929
102 0.00571285
103 0.00570937
104 0.00572067
105 0.00542149
106 0.0051197
107 0.00490613
108 0.00469712
109 0.00453402
110 0.0043584
111 0.00418228
112 0.00402187
113 0.00398138
114 0.00395071
115 0.00373258
116 0.00349808
117 0.003396
118 0.0032885
119 0.00316701
120 0.00302887
121 0.00277645
122 0.00249158
123 0.00240912
124 0.00227328
125 0.00223661
126 0.00220364
127 0.00196466
128 0.00172402
129 0.000134719
130 0.00156361
131 3.4381E-5
132 0.00122968
133 0.000555553
134 0.000491241
135 0.000418833
136 0.000346155
137 0.000286345
138 0.000226319
139 0.000150262
140 0
141 0
142 0
143 0
144 0
145 0
146 0
147 0
148 0
149 0
150 0
